0.1834737132E-02   0.1403732281E-01   0.6884262226E-01   0.2321844432E+00   0.4679413484E+00   0.3623119853E+00
-0.1193324198E+00 -0.1608541517E+00   0.1143456438E+01   0.0000000000E+00   0.0000000000E+00   0.0000000000E+00
0.1000000000E+01   0.0000000000E+00   0.0000000000E+00   0.0000000000E+00   0.0000000000E+00   0.0000000000E+00
0.6899906659E-01   0.3164239610E+00   0.7443082909E+00   0.0000000000E+00   0.0000000000E+00   0.0000000000E+00
0.1000000000E+01   0.0000000000E+00   0.0000000000E+00   0.0000000000E+00   0.0000000000E+00   0.0000000000E+00
0.6899906659E-01   0.3164239610E+00   0.7443082909E+00   0.0000000000E+00   0.0000000000E+00   0.0000000000E+00
0.1000000000E+01   0.0000000000E+00   0.0000000000E+00   0.0000000000E+00   0.0000000000E+00   0.0000000000E+00
0.6899906659E-01   0.3164239610E+00   0.7443082909E+00   0.0000000000E+00   0.0000000000E+00   0.0000000000E+00
0.1000000000E+01   0.0000000000E+00   0.0000000000E+00   0.0000000000E+00   0.0000000000E+00   0.0000000000E+00
0.1831074430E-02   0.1395017220E-01   0.6844507810E-01   0.2327143360E+00   0.4701928980E+00   0.3585208530E+00
-0.1107775495E+00   -0.1480262627E+00    0.1130767015E+01   0.0000000000E+00   0.0000000000E+00   0.0000000000E+00
0.1000000000E+01   0.0000000000E+00   0.0000000000E+00   0.0000000000E+00   0.0000000000E+00   0.0000000000E+00
0.7087426823E-01   0.3397528391E+00   0.7271585773E+00   0.0000000000E+00   0.0000000000E+00   0.0000000000E+00 
0.1000000000E+01   0.0000000000E+00   0.0000000000E+00   0.0000000000E+00   0.0000000000E+00   0.0000000000E+00
0.7087426823E-01   0.3397528391E+00   0.7271585773E+00   0.0000000000E+00   0.0000000000E+00   0.0000000000E+00 
0.1000000000E+01   0.0000000000E+00   0.0000000000E+00   0.0000000000E+00   0.0000000000E+00   0.0000000000E+00
0.7087426823E-01   0.3397528391E+00   0.7271585773E+00   0.0000000000E+00   0.0000000000E+00   0.0000000000E+00 
0.1000000000E+01   0.0000000000E+00   0.0000000000E+00   0.0000000000E+00   0.0000000000E+00   0.0000000000E+00