0.3047524880E+04   0.4573695180E+03   0.1039486850E+03   0.2921015530E+02   0.9286662960E+01   0.3163926960E+01
0.7868272350E+01   0.1881288540E+01   0.5442492580E+00   0.0000000000E+00   0.0000000000E+00   0.0000000000E+00
0.1687144782E+00   0.0000000000E+00   0.0000000000E+00   0.0000000000E+00   0.0000000000E+00   0.0000000000E+00
0.7868272350E+01   0.1881288540E+01   0.5442492580E+00   0.0000000000E+00   0.0000000000E+00   0.0000000000E+00
0.1687144782E+00   0.0000000000E+00   0.0000000000E+00   0.0000000000E+00   0.0000000000E+00   0.0000000000E+00
0.7868272350E+01   0.1881288540E+01   0.5442492580E+00   0.0000000000E+00   0.0000000000E+00   0.0000000000E+00
0.1687144782E+00   0.0000000000E+00   0.0000000000E+00   0.0000000000E+00   0.0000000000E+00   0.0000000000E+00
0.7868272350E+01   0.1881288540E+01   0.5442492580E+00   0.0000000000E+00   0.0000000000E+00   0.0000000000E+00
0.1687144782E+00   0.0000000000E+00   0.0000000000E+00   0.0000000000E+00   0.0000000000E+00   0.0000000000E+00
0.5484671660E+04   0.8252349460E+03   0.1880469580E+03   0.5296450000E+02   0.1689757040E+02   0.5799635340E+01
0.1553961625E+02   0.3599933586E+01   0.1013761750E+01   0.0000000000E+00   0.0000000000E+00   0.0000000000E+00
0.2700058226E+00   0.0000000000E+00   0.0000000000E+00   0.0000000000E+00   0.0000000000E+00   0.0000000000E+00
0.1553961625E+02   0.3599933586E+01   0.1013761750E+01   0.0000000000E+00   0.0000000000E+00   0.0000000000E+00
0.2700058226E+00   0.0000000000E+00   0.0000000000E+00   0.0000000000E+00   0.0000000000E+00   0.0000000000E+00
0.1553961625E+02   0.3599933586E+01   0.1013761750E+01   0.0000000000E+00   0.0000000000E+00   0.0000000000E+00
0.2700058226E+00   0.0000000000E+00   0.0000000000E+00   0.0000000000E+00   0.0000000000E+00   0.0000000000E+00
0.1553961625E+02   0.3599933586E+01   0.1013761750E+01   0.0000000000E+00   0.0000000000E+00   0.0000000000E+00
0.2700058226E+00   0.0000000000E+00   0.0000000000E+00   0.0000000000E+00   0.0000000000E+00   0.0000000000E+00